650,1,3.5,3.5,5.3,10.2,16.0,16.8,18.1,18.2,20.2,25.9,30.8,45.9,88.8,106.0,152.4,216.9,1600,-1,0,1,0,1,7,16,8,3,12,6,14,4,9,15,5,13,11,10,2,0
650,2,2.6,2.7,5.7,14.6,16.9,19.7,21.4,21.6,26.5,120.5,132.9,143.9,314.9,323.5,439.7,513.0,2100,-1,0,1,0,2,9,7,16,6,5,15,12,4,3,1,13,8,11,14,10,0
650,6,3.0,5.6,5.9,5.9,13.1,13.1,13.2,21.2,22.6,47.0,55.0,67.2,76.1,84.6,158.5,176.2,1300,-1,0,1,0,15,13,11,4,5,14,9,8,10,7,2,6,12,16,3,1,0
650,8,1.6,7.2,9.3,10.5,21.4,23.3,26.8,34.0,35.8,37.1,39.0,48.2,51.6,81.2,85.0,131.9,1600,-1,0,1,0,7,11,16,14,5,12,4,6,2,8,10,13,15,1,3,9,0
650,12,1.6,7.2,7.4,13.2,14.3,20.1,26.0,35.6,47.3,55.3,55.8,55.9,129.6,155.0,226.4,344.5,1600,-1,0,1,0,5,10,16,15,6,8,13,12,7,3,14,4,9,2,1,11,0
654,1,2.7,3.7,5.8,6.5,12.0,19.7,19.8,24.4,37.8,64.2,89.8,187.3,242.0,304.7,534.2,663.1,1200,-1,0,-1,0,4,16,2,9,7,6,3,1,15,11,13,8,5,10,14,12,0
654,2,2.1,4.7,6.1,10.6,13.4,16.7,25.9,26.1,26.4,38.5,72.7,142.4,149.5,415.8,428.2,692.2,1800,-1,0,-1,0,3,11,13,7,12,8,1,5,6,2,9,16,10,15,4,14,0
654,3,2.2,4.1,6.5,11.5,11.8,17.4,21.1,25.0,36.0,41.1,71.2,83.3,122.6,126.1,485.5,668.7,1400,-1,0,-1,0,12,14,1,11,9,4,8,5,15,13,3,10,7,6,16,2,0
654,10,3.4,3.7,6.0,8.7,9.7,11.2,16.0,16.5,50.5,54.2,56.7,70.7,83.1,126.1,162.8,185.6,1800,-1,0,-1,0,5,16,13,8,9,7,3,1,15,10,14,2,11,4,6,12,0
654,12,5.6,5.6,5.7,6.4,7.5,11.8,13.2,18.9,19.6,20.6,31.0,34.7,44.9,49.5,96.7,114.1,1400,-1,0,-1,0,1,16,3,9,15,14,11,7,4,5,8,13,10,6,2,12,0
