650,1,3.5,3.5,5.3,10.2,16.0,16.8,18.1,18.2,20.2,25.9,30.8,45.9,88.8,106.0,152.4,216.9,1600,-1,0,1,0,1,7,16,8,3,12,6,14,4,9,15,5,13,11,10,2,0
650,2,2.6,2.7,5.7,14.6,16.9,19.7,21.4,21.6,26.5,120.5,132.9,143.9,314.9,323.5,439.7,513.0,2100,-1,0,1,0,2,9,7,16,6,5,15,12,4,3,1,13,8,11,14,10,0
650,6,3.1,3.7,5.2,5.8,14.0,14.4,17.5,27.3,30.7,105.2,127.9,169.2,189.4,221.7,397.4,443.4,1300,-1,0,1,0,15,13,4,11,9,14,5,8,10,7,2,16,12,6,3,1,0
650,8,1.5,7.9,9.3,11.3,22.3,24.8,26.4,35.6,39.8,40.1,52.6,57.7,64.7,86.5,108.4,150.1,1600,-1,0,1,0,7,11,14,16,5,12,4,6,8,2,10,13,15,1,3,9,0
650,12,1.6,6.7,7.9,14.0,15.0,20.2,20.6,36.2,45.9,46.5,50.1,60.2,106.7,174.3,218.0,305.9,1600,-1,0,1,0,5,16,10,15,6,13,8,12,7,4,14,3,9,2,1,11,0
654,1,2.7,3.7,5.8,6.5,12.0,19.7,19.8,24.4,37.8,64.2,89.8,187.3,242.0,304.7,534.2,663.1,1200,-1,0,-1,0,4,16,2,9,7,6,3,1,15,11,13,8,5,10,14,12,0
654,2,2.1,4.7,6.1,10.6,13.4,16.7,25.9,26.1,26.4,38.5,72.7,142.4,149.5,415.8,428.2,692.2,1800,-1,0,-1,0,3,11,13,7,12,8,1,5,6,2,9,16,10,15,4,14,0
654,3,2.2,4.1,6.5,11.5,11.8,17.4,21.1,25.0,36.0,41.1,71.2,83.3,122.6,126.1,485.5,668.7,1400,-1,0,-1,0,12,14,1,11,9,4,8,5,15,13,3,10,7,6,16,2,0
654,10,3.5,3.6,5.9,8.9,9.3,11.2,15.9,17.8,52.1,53.1,57.0,74.9,91.3,132.1,162.4,195.1,1800,-1,0,-1,0,16,5,13,8,9,7,3,1,10,15,14,2,11,4,6,12,0
654,12,4.9,5.3,5.6,6.7,7.6,12.2,14.4,18.2,21.0,22.3,33.4,41.1,46.4,53.0,107.7,135.0,1400,-1,0,-1,0,9,3,1,16,15,14,11,5,7,4,8,13,10,6,2,12,0
