650,1,3.5,3.5,5.3,10.2,16.0,16.8,18.1,18.2,20.2,25.9,30.8,45.9,88.8,106.0,152.4,216.9,1600,-1,0,1,0,1,7,16,8,3,12,6,14,4,9,15,5,13,11,10,2,0
650,2,2.6,2.7,5.7,14.6,16.9,19.7,21.4,21.6,26.5,120.5,132.9,143.9,314.9,323.5,439.7,513.0,2100,-1,0,1,0,2,9,7,16,6,5,15,12,4,3,1,13,8,11,14,10,0
650,6,3.1,3.7,5.2,5.8,14.0,14.4,17.5,27.3,30.7,105.2,127.9,169.2,189.4,221.7,397.4,443.4,1300,-1,0,1,0,15,13,4,11,9,14,5,8,10,7,2,16,12,6,3,1,0
650,8,1.7,4.3,6.2,14.2,17.2,27.8,33.8,43.0,51.1,90.1,98.5,154.9,156.8,161.0,165.4,345.0,1600,-1,0,1,0,7,11,14,16,4,12,5,6,2,8,13,15,3,10,1,9,0
650,12,1.7,5.3,9.3,14.2,15.6,16.1,20.9,23.2,39.6,45.9,52.9,60.8,111.4,192.3,203.7,245.4,1600,-1,0,1,0,5,16,10,15,13,6,8,4,12,7,14,3,9,2,1,11,0
654,1,2.7,3.7,5.8,6.5,12.0,19.7,19.8,24.4,37.8,64.2,89.8,187.3,242.0,304.7,534.2,663.1,1200,-1,0,-1,0,4,16,2,9,7,6,3,1,15,11,13,8,5,10,14,12,0
654,2,2.1,4.7,6.1,10.6,13.4,16.7,25.9,26.1,26.4,38.5,72.7,142.4,149.5,415.8,428.2,692.2,1800,-1,0,-1,0,3,11,13,7,12,8,1,5,6,2,9,16,10,15,4,14,0
654,3,2.2,4.1,6.5,11.5,11.8,17.4,21.1,25.0,36.0,41.1,71.2,83.3,122.6,126.1,485.5,668.7,1400,-1,0,-1,0,12,14,1,11,9,4,8,5,15,13,3,10,7,6,16,2,0
654,10,2.9,3.3,5.1,7.6,12.2,16.7,16.7,31.2,60.6,94.1,130.7,159.7,189.1,239.9,354.5,374.5,1800,-1,0,-1,0,5,16,13,8,9,3,7,1,10,15,14,11,2,4,6,12,0
654,12,4.6,5.0,5.0,6.6,9.5,10.7,14.5,19.9,25.2,25.8,42.3,49.9,55.4,55.7,109.2,166.4,1400,-1,0,-1,0,1,3,9,16,15,14,11,5,7,4,8,13,6,10,2,12,0
