650,1,3.5,3.5,5.3,10.2,16.0,16.8,18.1,18.2,20.2,25.9,30.8,45.9,88.8,106.0,152.4,216.9,1600,-1,0,1,0,1,7,16,8,3,12,6,14,4,9,15,5,13,11,10,2,0
650,2,2.6,2.7,5.7,14.6,16.9,19.7,21.4,21.6,26.5,120.5,132.9,143.9,314.9,323.5,439.7,513.0,2100,-1,0,1,0,2,9,7,16,6,5,15,12,4,3,1,13,8,11,14,10,0
650,6,3.1,3.7,5.2,5.8,14.0,14.4,17.5,27.3,30.7,105.2,127.9,169.2,189.4,221.7,397.4,443.4,1300,-1,0,1,0,15,13,4,11,9,14,5,8,10,7,2,16,12,6,3,1,0
650,8,1.7,4.3,6.2,14.2,17.2,27.8,33.8,43.0,51.1,90.1,98.5,154.9,156.8,161.0,165.4,345.0,1600,-1,0,1,0,7,11,14,16,4,12,5,6,2,8,13,15,3,10,1,9,0
650,12,1.6,6.2,8.3,14.0,15.7,16.8,20.6,35.8,43.5,46.5,50.5,61.4,109.5,182.3,202.5,304.6,1600,-1,0,1,0,5,16,10,15,6,13,8,12,7,4,14,3,9,2,1,11,0
654,1,2.7,3.7,5.8,6.5,12.0,19.7,19.8,24.4,37.8,64.2,89.8,187.3,242.0,304.7,534.2,663.1,1200,-1,0,-1,0,4,16,2,9,7,6,3,1,15,11,13,8,5,10,14,12,0
654,2,2.1,4.7,6.1,10.6,13.4,16.7,25.9,26.1,26.4,38.5,72.7,142.4,149.5,415.8,428.2,692.2,1800,-1,0,-1,0,3,11,13,7,12,8,1,5,6,2,9,16,10,15,4,14,0
654,3,2.2,4.1,6.5,11.5,11.8,17.4,21.1,25.0,36.0,41.1,71.2,83.3,122.6,126.1,485.5,668.7,1400,-1,0,-1,0,12,14,1,11,9,4,8,5,15,13,3,10,7,6,16,2,0
654,10,3.5,3.6,5.9,8.6,9.8,11.2,14.8,17.9,50.2,54.1,60.2,82.0,86.6,129.8,181.8,184.2,1800,-1,0,-1,0,5,16,13,8,9,7,3,1,10,15,14,2,11,4,6,12,0
654,12,5.2,5.4,5.4,5.8,8.1,12.9,13.7,18.6,22.0,23.7,35.9,41.9,51.2,54.1,112.7,149.1,1400,-1,0,-1,0,1,3,9,16,15,14,11,5,7,4,8,13,10,6,2,12,0
