650,1,3.5,3.5,5.3,10.2,16.0,16.8,18.1,18.2,20.2,25.9,30.8,45.9,88.8,106.0,152.4,216.9,1600,-1,0,1,0,1,7,16,8,3,12,6,14,4,9,15,5,13,11,10,2,0
650,2,2.6,2.7,5.7,14.6,16.9,19.7,21.4,21.6,26.5,120.5,132.9,143.9,314.9,323.5,439.7,513.0,2100,-1,0,1,0,2,9,7,16,6,5,15,12,4,3,1,13,8,11,14,10,0
650,6,3.2,4.2,5.5,6.8,13.7,14.4,14.8,18.9,23.4,51.6,61.6,86.7,90.0,96.3,170.3,193.7,1300,-1,0,1,0,15,13,4,11,14,9,5,10,8,7,2,16,6,12,3,1,0
650,8,1.6,7.4,9.1,9.6,21.8,22.0,25.7,32.3,35.9,36.1,43.7,49.5,55.9,81.4,90.7,138.5,1600,-1,0,1,0,7,11,14,16,5,12,4,6,8,2,10,13,15,1,3,9,0
650,12,1.6,6.9,7.4,13.5,14.0,20.1,25.7,35.6,43.5,52.0,55.7,55.9,136.5,166.5,223.2,334.1,1600,-1,0,1,0,5,16,10,15,6,8,13,12,7,14,3,4,9,2,1,11,0
654,1,2.7,3.7,5.8,6.5,12.0,19.7,19.8,24.4,37.8,64.2,89.8,187.3,242.0,304.7,534.2,663.1,1200,-1,0,-1,0,4,16,2,9,7,6,3,1,15,11,13,8,5,10,14,12,0
654,2,2.1,4.7,6.1,10.6,13.4,16.7,25.9,26.1,26.4,38.5,72.7,142.4,149.5,415.8,428.2,692.2,1800,-1,0,-1,0,3,11,13,7,12,8,1,5,6,2,9,16,10,15,4,14,0
654,3,2.2,4.1,6.5,11.5,11.8,17.4,21.1,25.0,36.0,41.1,71.2,83.3,122.6,126.1,485.5,668.7,1400,-1,0,-1,0,12,14,1,11,9,4,8,5,15,13,3,10,7,6,16,2,0
654,10,3.5,3.6,6.1,8.8,9.4,11.0,15.8,16.4,49.2,51.9,58.5,76.1,82.6,134.9,163.3,187.2,1800,-1,0,-1,0,5,16,13,8,9,7,3,1,10,15,14,2,11,4,6,12,0
654,12,5.4,5.6,5.7,6.5,7.8,12.2,13.5,19.2,19.4,19.9,31.1,36.4,41.7,45.7,94.7,120.4,1400,-1,0,-1,0,1,3,16,9,15,14,11,7,5,4,8,13,10,6,2,12,0
